0 0 41631
1 1 36137
2 2 39303
3 3 36850
4 4 34960
5 5 39786
6 6 36790
7 7 29280
8 8 30059
9 9 28512
10 가 1503
11 거 1587
12 고 1894
13 구 1804
14 나 1630
15 너 1587
16 노 1639
17 누 1325
18 다 1395
19 더 1655
20 도 1835
21 두 2040
22 라 1451
23 러 1895
24 로 1404
25 루 1702
26 마 1046
27 머 1508
28 모 1882
29 무 1499
30 바 4
31 배 1
32 버 1402
33 보 1772
34 부 2028
35 사 5
36 서 1886
37 소 1676
38 수 1447
39 아 1
40 어 1711
41 오 2159
42 우 1670
43 자 3
44 저 1449
45 조 1857
46 주 1601
47 하 1675
48 허 66
49 호 2804
50 울 30
51 경 6
52 기 8
53 인 0
54 천 0
55 대 0
56 전 0
57 세 0
58 종 0
59 충 0
60 남 0
61 북 0
62 강 0
63 원 0
64 산 0
65 광 0
66 제 0